image_width: 640
image_height: 480
camera_name: narrow_stereo
camera_matrix:
  rows: 3
  cols: 3
  data: [447.464054, 0.000000, 330.673909, 0.000000, 453.975988, 254.771887, 0.000000, 0.000000, 1.000000]
distortion_model: plumb_bob
distortion_coefficients:
  rows: 1
  cols: 5
  data: [-0.336467, 0.116057, -0.001453, -0.001215, 0.000000]
rectification_matrix:
  rows: 3
  cols: 3
  data: [1.000000, 0.000000, 0.000000, 0.000000, 1.000000, 0.000000, 0.000000, 0.000000, 1.000000]
projection_matrix:
  rows: 3
  cols: 4
  data: [361.502411, 0.000000, 333.397355, 0.000000, 0.000000, 406.817780, 257.541316, 0.000000, 0.000000, 0.000000, 1.000000, 0.000000]
